500
1
 -2.33
 -2.98
 -2.98
 -1.03
 0.719
 -0.623
 -0.95
 0.0803
 2.03
 -1.47
 0.439
 -1.44
 -2.97
 2.29
 0.0726
 -0.591
 1.89
 -2.32
 -2.34
 2.17
 2.83
 -2.83
 -1.51
 2.2
 1.22
 2.14
 -0.924
 -2.26
 -0.596
 2.22
 -1.71
 0.0718
 2.24
 -1.69
 2.04
 -0.0363
 0.684
 -1.91
 -2.96
 -0.287
 -0.377
 0.483
 1.27
 -0.348
 -0.223
 -1.65
 2.06
 -1.33
 -0.974
 2.72
 -2.16
 -1.14
 2.88
 -0.678
 -1.94
 1.11
 -1.54
 0.136
 1.85
 0.869
 -0.644
 -2.87
 -2.06
 -1.4
 -1.56
 2.98
 1.56
 2.12
 -1.92
 1.61
 -1.16
 0.7
 -0.909
 -2.89
 -2.65
 1.87
 -1.54
 2.41
 -2.46
 0.481
 2.13
 -1.63
 2.34
 2.01
 0.696
 -2.6
 0.12
 2.16
 0.534
 -1.03
 0.0298
 2.89
 -0.899
 0.971
 -1.51
 0.542
 0.954
 -2.95
 -0.333
 2.03
 1.66
 1.5
 -0.269
 -2.25
 1.62
 0.0833
 2.62
 -2.93
 -0.504
 -2.84
 0.552
 -1.37
 -1.46
 -0.109
 -2.36
 2.23
 0.289
 0.761
 1.39
 -2.18
 2.73
 -1.58
 -2.29
 -1.17
 2.39
 -0.796
 2.37
 0.347
 -0.741
 -0.963
 -0.622
 -2.08
 -2.46
 2.11
 -1.32
 2.16
 -0.807
 -1.7
 2.23
 1.69
 -1.54
 -0.22
 -2.68
 -0.00665
 2.67
 -2.04
 -0.776
 -0.0404
 1.72
 -2.38
 0.783
 1.44
 -0.962
 1.5
 -2.73
 -1.57
 -2.3
 2.64
 1.78
 -0.0418
 -1.32
 -1.84
 0.88
 -0.779
 -2.74
 2.56
 -1.62
 -0.543
 -2.15
 -2.39
 -1.85
 -0.689
 0.387
 -1.54
 2.3
 0.0574
 -0.583
 -1.47
 -2.98
 -1.87
 -0.855
 0.8
 2.58
 1.18
 -0.705
 2.85
 2.61
 -0.00499
 2.49
 1.39
 2.95
 -1.83
 2.55
 0.833
 0.393
 2.81
 0.388
 1.77
 -0.731
 1.24
 2.38
 0.415
 -2.45
 -0.236
 1.88
 2.86
 2.82
 -1.71
 -1.61
 2.84
 -0.575
 0.532
 0.638
 -0.998
 -1.28
 2.93
 -1.15
 -1.67
 -0.0714
 -1.66
 2.72
 -0.118
 -0.487
 2.27
 -2.29
 2.91
 2.08
 1.1
 1.68
 -1.65
 -0.655
 1.05
 1.76
 -0.103
 -2.18
 0.64
 -0.246
 -2.36
 1.93
 1.14
 -2.52
 -1.64
 -1.33
 1.12
 0.36
 0.388
 1.05
 2.21
 1.72
 -2.02
 -2.45
 1.44
 0.861
 0.0666
 0.708
 1.58
 -0.0274
 -0.212
 -0.321
 -1.35
 1.14
 2.02
 2.7
 -0.099
 -1.08
 -2.48
 -2.46
 1.68
 -1.84
 2.47
 -0.184
 -1.36
 -2.17
 1.49
 2.76
 1.19
 -1.12
 0.809
 0.402
 -2.41
 1.79
 0.955
 2.03
 -0.351
 -1.98
 -0.258
 -1.78
 0.994
 2.53
 0.904
 2.64
 0.668
 -0.0728
 2.35
 -2.43
 1.85
 2.87
 -1.89
 0.523
 -1.97
 -2.42
 -2.66
 -0.324
 -1.59
 1.83
 -0.566
 2.61
 -2.3
 -2.76
 0.00787
 -1.7
 2.03
 -2.04
 -2.67
 -1.32
 -1.01
 0.075
 -0.0953
 2.98
 -0.394
 -2.19
 2.62
 -2.73
 0.736
 1.97
 -2.16
 -0.417
 1.84
 -1.05
 -2.89
 2.88
 -0.465
 -2.55
 -0.448
 0.949
 2.27
 1.99
 0.555
 2.98
 2.23
 -2.44
 -1.72
 1.26
 -1.47
 -1.39
 2.94
 0.511
 1.68
 -0.155
 0.491
 -1.71
 0.653
 0.115
 -1.44
 -1.61
 -0.913
 -0.595
 0.972
 -2.07
 1.36
 1.08
 -2.19
 -2.11
 1.52
 0.359
 1.84
 0.798
 -0.655
 -0.604
 0.775
 -1.43
 -0.0409
 2.05
 2.83
 1.49
 -2.34
 2.78
 -1
 2.34
 -0.38
 2.49
 -2.37
 -2.73
 -0.398
 -0.807
 -1.34
 1.69
 1.6
 2.64
 2.62
 -0.0462
 0.714
 -2.58
 0.845
 -0.761
 0.783
 -0.314
 -2.96
 -2.87
 2.08
 0.811
 -1.3
 -0.958
 -0.139
 -1.46
 -2.47
 0.52
 -1.69
 -0.476
 -0.138
 0.933
 -0.989
 0.492
 1.21
 1.61
 2.68
 2.87
 0.302
 1.28
 2.5
 -0.0805
 -1.76
 0.219
 0.344
 2.08
 2.46
 -1.87
 -1.23
 2.49
 -1.75
 -2.15
 0.306
 -0.0427
 -0.108
 -2.83
 1.49
 0.419
 0.687
 2.81
 2.94
 -2.45
 0.74
 -1.05
 1.04
 -1.05
 -2.43
 0.725
 -1.18
 0.868
 -0.993
 -1.68
 -2.21
 0.243
 1.54
 1.13
 -0.676
 0.998
 2.26
 1.09
 0.493
 -2.49
 1.94
 -2.2
 0.47
 -1.17
 -2.03
 -1.04
 2.25
 1.65
 -1.23
 2.19
 2.2
 2.51
 -1.85
 0.243
 -1.54
 -1.29
 -2.03
 0.275
 2.58
 -0.0242
 1.6
 -2.63
 -2.78
 0.137
 1.5
 -0.457
 -1.86
 0.76
 -2.37
 1.63
 1.27
 2.58
 2.43
 -1.26
 -1.59
 -2.61
 0.708
 -2.34
 2.05
