-2.81928
3.73733
1.92395
6.0888
5.44003
-5.8107
-4.22313
-3.4977
2.51418
0.72973
-7.21393
-4.909
0.301582
-0.315152
-2.84141
1.72926
-0.710756
-4.242
2.76505
1.8695
1.21477
0.363368
1.35464
2.10664
0.655216
0.429218
-8.98781
-0.339138
-2.99354
-4.50743
2.3061
4.12301
2.18954
0.0051493
-3.47296
-6.30229
2.22301
1.49422
7.18193
6.10876
-1.60552
-4.89217
-2.46419
-2.27212
2.45246
1.7665
3.00223
-3.44505
3.18009
-5.09138
6.36124
2.16776
-2.28816
-3.20661
-6.10281
5.58136
-0.730574
0.341925
-0.844885
0.748269
-3.98704
-0.411825
-3.49149
-1.1528
-2.91932
-0.0824166
-0.864675
-1.70946
5.3209
-2.18102
-7.05872
6.27943
-7.76634
1.20142
-6.64095
0.473321
-5.2999
-1.24765
1.25326
7.17379
1.63768
0.938061
4.28355
-0.164167
-3.28184
5.80302
1.81596
-1.46199
-4.39315
-1.92398
-0.629594
-0.631373
4.60126
6.15482
2.79541
3.56991
1.89329
0.269718
0.427147
-4.13578
-1.68063
2.97994
0.149011
-3.49492
-3.59848
0.152085
-1.88896
1.59763
-1.62494
6.83613
-2.1146
-1.63669
-1.86873
1.97373
2.43499
1.62748
1.97614
-2.8534
-3.34637
6.26634
-7.14265
-3.11838
2.30673
-3.62255
2.53436
1.04059
0.765418
-2.01413
6.37161
2.32471
0.951759
2.64828
-0.504317
-0.704633
-1.25804
-3.39924
-6.50719
-3.53202
-2.67501
2.05848
5.40902
-2.59042
2.92567
5.97921
2.95909
-2.22701
0.726339
-1.83156
-4.82701
-4.08872
6.75874
2.26849
3.97552
4.83095
-1.95056
-4.20965
-6.8982
-3.24415
3.47499
-0.367912
-0.0532531
-1.41187
0.627091
-3.07601
-2.62157
-5.58241
-0.376484
-1.73407
0.386834
1.16737
-1.47046
-0.852592
1.61558
-2.05031
-3.69782
-0.0254604
-0.296897
-4.3692
-0.272227
-5.76343
-6.21444
3.36317
9.89029
-3.70373
-0.662821
8.28752
-0.586202
-3.00513
3.74044
-6.25609
-0.396825
1.29588
-0.313651
5.73223
1.80423
-2.75335
-3.10422
-6.15356
-6.09529
4.54598
-1.11585
-3.15891
1.78317
-0.11453
-5.75055
6.67096
2.85532
2.43993
-6.34227
1.36649
-4.41411
-6.1187
4.56535
2.44324
-2.53342
-5.89951
-0.588115
-2.6209
-2.9422
-0.752577
-0.953377
-6.55189
-1.12671
-4.9906
-3.31084
0.935335
0.370102
6.33988
0.745705
-0.0529376
-5.00187
-3.23631
-1.74
-2.45311
5.39935
1.16175
3.27811
-1.93308
-0.0383885
5.76873
4.40843
-0.936878
1.83369
2.36131
-5.77185
-0.969283
-8.21843
0.721563
3.514
-4.17384
8.73316
-0.350253
-1.21294
-0.124358
-8.14338
-3.17638
-3.38857
-3.86452
5.58811
1.61758
1.90485
9.00602
-6.3882
1.16383
0.0542841
-0.593984
2.0606
1.83471
-3.89571
-4.04469
0.1203
-2.44879
-3.39498
1.86511
8.49463
1.91933
-2.55343
0.277831
5.00476
-6.26133
-8.08164
-0.29971
-4.20969
4.84467
1.66764
-3.04305
1.94598
-4.24403
0.163409
2.61634
-7.51333
-2.48584
2.92142
1.98363
-4.4185
3.22806
2.59231
5.48486
4.52255
1.37449
2.12338
-1.05974
-2.60732
2.70273
-0.791303
-5.88769
-4.01837
0.435754
1.95492
1.56657
-3.80194
-8.49143
6.56448
3.22497
-5.05954
-1.24568
5.11045
-6.48446
-0.523522
3.71806
5.20566
-2.70164
-8.15147
1.81769
-5.85658
1.45334
-5.03792
4.38967
5.42614
2.03007
3.6815
3.47734
3.33545
7.22056
0.73964
-6.43285
1.03841
-3.12491
-0.371125
-1.58365
2.85034
-4.03942
-3.56458
-1.35949
7.52063
-4.27749
7.01991
3.19147
-0.668945
1.63709
-0.5653
-0.471814
0.283209
-2.52979
-2.61182
0.374337
-0.748485
-4.62153
-1.30532
-3.4455
2.09097
1.74408
-0.0927991
-3.16271
-5.90045
-6.18363
-8.55643
6.99857
1.57593
-2.40226
-0.868197
-0.561959
-0.614647
-3.70668
-0.365895
1.60486
-3.71849
-1.04667
-4.02091
-1.62657
-4.22421
2.50362
-2.73765
-1.27082
0.548586
-1.72015
-2.29154
-0.119979
-1.92546
-1.30773
-4.72198
8.76089
3.1118
-8.47283
-7.05584
-5.06139
4.39841
-3.51364
-7.71245
0.495197
-5.79278
-1.34573
6.91323
5.55522
-3.82801
5.38496
-10.3694
-0.547619
-0.896902
3.13421
-2.58296
1.8114
2.53432
6.81869
8.2087
-1.6541
0.265473
2.06154
-1.26724
0.724669
-1.40134
0.969917
0.0946983
-3.44107
0.688333
0.725125
-2.66655
5.19295
0.717204
-0.680147
5.58939
5.19535
-0.0170981
5.91984
-7.22922
-2.02031
-4.90534
-2.59159
-2.1946
-4.14789
-0.921159
-2.53626
-0.332814
3.30534
-2.2009
1.64821
4.65457
-1.51877
1.87055
-2.62129
5.36246
-5.11081
-0.937189
-1.43908
-0.372692
-3.08919
3.6705
0.680315
2.72565
3.37236
-1.48185
2.7268
5.37493
-0.224431
4.48329
-3.1709
0.94405
2.09754
0.19819
-3.51786
-4.73052
-3.08073
4.48004
1.21753
-0.610898
0.21928
-4.08029
-0.956027
-1.39682
4.64102
0.769225
5.16342
-0.795002
0.592445
9.85017
0.479491
-0.952481
2.4798
2.15662
-2.26314
1.01427
-2.13832
0.803048
0.195433
1.19808
-2.21958
-3.22098
-0.814511
0.700069
1.74185
